(kicad_pcb (version 20171130) (host pcbnew 5.0.2+dfsg1-1)

  (general
    (thickness 1.6)
    (drawings 7)
    (tracks 1116)
    (zones 0)
    (modules 65)
    (nets 90)
  )

  (page A4)
  (layers
    (0 F.Cu signal)
    (31 B.Cu signal)
    (32 B.Adhes user)
    (33 F.Adhes user)
    (34 B.Paste user)
    (35 F.Paste user)
    (36 B.SilkS user)
    (37 F.SilkS user)
    (38 B.Mask user)
    (39 F.Mask user)
    (40 Dwgs.User user hide)
    (41 Cmts.User user)
    (42 Eco1.User user)
    (43 Eco2.User user)
    (44 Edge.Cuts user)
    (45 Margin user)
    (46 B.CrtYd user)
    (47 F.CrtYd user)
    (48 B.Fab user)
    (49 F.Fab user)
  )

  (setup
    (last_trace_width 0.45)
    (user_trace_width 0.15)
    (user_trace_width 0.45)
    (trace_clearance 0.15)
    (zone_clearance 0.25)
    (zone_45_only no)
    (trace_min 0.15)
    (segment_width 0.2)
    (edge_width 0.15)
    (via_size 0.8)
    (via_drill 0.4)
    (via_min_size 0.4)
    (via_min_drill 0.3)
    (user_via 0.6 0.3)
    (uvia_size 0.3)
    (uvia_drill 0.1)
    (uvias_allowed no)
    (uvia_min_size 0.2)
    (uvia_min_drill 0.1)
    (pcb_text_width 0.3)
    (pcb_text_size 1.5 1.5)
    (mod_edge_width 0.15)
    (mod_text_size 1 1)
    (mod_text_width 0.15)
    (pad_size 1.524 1.524)
    (pad_drill 0.762)
    (pad_to_mask_clearance 0.051)
    (solder_mask_min_width 0.25)
    (aux_axis_origin 0 0)
    (grid_origin 75.1 39.16)
    (visible_elements FFFFFF7F)
    (pcbplotparams
      (layerselection 0x010f0_ffffffff)
      (usegerberextensions false)
      (usegerberattributes false)
      (usegerberadvancedattributes false)
      (creategerberjobfile false)
      (excludeedgelayer true)
      (linewidth 0.150000)
      (plotframeref false)
      (viasonmask false)
      (mode 1)
      (useauxorigin false)
      (hpglpennumber 1)
      (hpglpenspeed 20)
      (hpglpendiameter 15.000000)
      (psnegative false)
      (psa4output false)
      (plotreference true)
      (plotvalue true)
      (plotinvisibletext false)
      (padsonsilk false)
      (subtractmaskfromsilk false)
      (outputformat 1)
      (mirror false)
      (drillshape 0)
      (scaleselection 1)
      (outputdirectory "gerbers/"))
  )

  (net 0 "")
  (net 1 +1V8)
  (net 2 +1V0)
  (net 3 +3.3VA)
  (net 4 /dvdd_nodie)
  (net 5 /reset)
  (net 6 /console_tx)
  (net 7 /console_rx)
  (net 8 /gnd_efuse)
  (net 9 /spinor_cs)
  (net 10 /spinor_miso)
  (net 11 /spinor_wp)
  (net 12 /spinor_mosi)
  (net 13 /spinor_sck)
  (net 14 /xtal_in)
  (net 15 /xtal_out)
  (net 16 /vddp1)
  (net 17 /vddp2)
  (net 18 /vddp3)
  (net 19 GND)
  (net 20 +3V3)
  (net 21 "Net-(C14-Pad2)")
  (net 22 "Net-(C11-Pad2)")
  (net 23 "Net-(C8-Pad2)")
  (net 24 "Net-(C7-Pad1)")
  (net 25 "Net-(C5-Pad1)")
  (net 26 "Net-(J12-Pad3)")
  (net 27 "Net-(C21-Pad1)")
  (net 28 "Net-(C4-Pad1)")
  (net 29 "Net-(J12-Pad2)")
  (net 30 +5V)
  (net 31 "Net-(C3-Pad1)")
  (net 32 "Net-(L1-Pad1)")
  (net 33 "Net-(L3-Pad1)")
  (net 34 "Net-(L2-Pad1)")
  (net 35 "Net-(U7-Pad4)")
  (net 36 /spinor_hold)
  (net 37 /i2c1_sda)
  (net 38 /i2c1_scl)
  (net 39 /sr_io2)
  (net 40 /sr_io3)
  (net 41 /sr_io4)
  (net 42 /sr_io5)
  (net 43 /sr_io6)
  (net 44 /sr_io17)
  (net 45 /sr_io16)
  (net 46 /sr_io15)
  (net 47 /sr_io14)
  (net 48 /sr_io13)
  (net 49 /sr_io12)
  (net 50 /sr_io11)
  (net 51 /sr_io10)
  (net 52 /sr_io9)
  (net 53 /sr_io8)
  (net 54 /sr_io7)
  (net 55 /spi0_cz)
  (net 56 /spi0_ck)
  (net 57 /spi0_di)
  (net 58 /spi0_do)
  (net 59 /sd_clk)
  (net 60 /sd_cmd)
  (net 61 /sd_d0)
  (net 62 /sd_d1)
  (net 63 /sd_d2)
  (net 64 /sd_d3)
  (net 65 /pm_sd_cdz)
  (net 66 /usb_dp)
  (net 67 /usb_dm)
  (net 68 /aud_lineout_l0)
  (net 69 /aud_vag)
  (net 70 /aud_vrm_adc)
  (net 71 /aud_micin0)
  (net 72 /aud_miccm0)
  (net 73 /sar_gpio3)
  (net 74 /sar_gpio2)
  (net 75 /sar_gpio1)
  (net 76 /sar_gpio0)
  (net 77 /eth_tp)
  (net 78 /eth_tn)
  (net 79 /eth_rp)
  (net 80 /eth_rn)
  (net 81 /fuart_rx)
  (net 82 /fuart_tx)
  (net 83 /fuart_cts)
  (net 84 /fuart_rtx)
  (net 85 /pm_irin)
  (net 86 "Net-(J11-Pad9)")
  (net 87 /pm_gpio4)
  (net 88 "Net-(J12-Pad6)")
  (net 89 "Net-(J12-Pad4)")

  (net_class Default "This is the default net class."
    (clearance 0.15)
    (trace_width 0.15)
    (via_dia 0.8)
    (via_drill 0.4)
    (uvia_dia 0.3)
    (uvia_drill 0.1)
    (add_net +1V0)
    (add_net +1V8)
    (add_net +3.3VA)
    (add_net +3V3)
    (add_net +5V)
    (add_net /aud_lineout_l0)
    (add_net /aud_miccm0)
    (add_net /aud_micin0)
    (add_net /aud_vag)
    (add_net /aud_vrm_adc)
    (add_net /console_rx)
    (add_net /console_tx)
    (add_net /dvdd_nodie)
    (add_net /eth_rn)
    (add_net /eth_rp)
    (add_net /eth_tn)
    (add_net /eth_tp)
    (add_net /fuart_cts)
    (add_net /fuart_rtx)
    (add_net /fuart_rx)
    (add_net /fuart_tx)
    (add_net /gnd_efuse)
    (add_net /i2c1_scl)
    (add_net /i2c1_sda)
    (add_net /pm_gpio4)
    (add_net /pm_irin)
    (add_net /pm_sd_cdz)
    (add_net /reset)
    (add_net /sar_gpio0)
    (add_net /sar_gpio1)
    (add_net /sar_gpio2)
    (add_net /sar_gpio3)
    (add_net /sd_clk)
    (add_net /sd_cmd)
    (add_net /sd_d0)
    (add_net /sd_d1)
    (add_net /sd_d2)
    (add_net /sd_d3)
    (add_net /spi0_ck)
    (add_net /spi0_cz)
    (add_net /spi0_di)
    (add_net /spi0_do)
    (add_net /spinor_cs)
    (add_net /spinor_hold)
    (add_net /spinor_miso)
    (add_net /spinor_mosi)
    (add_net /spinor_sck)
    (add_net /spinor_wp)
    (add_net /sr_io10)
    (add_net /sr_io11)
    (add_net /sr_io12)
    (add_net /sr_io13)
    (add_net /sr_io14)
    (add_net /sr_io15)
    (add_net /sr_io16)
    (add_net /sr_io17)
    (add_net /sr_io2)
    (add_net /sr_io3)
    (add_net /sr_io4)
    (add_net /sr_io5)
    (add_net /sr_io6)
    (add_net /sr_io7)
    (add_net /sr_io8)
    (add_net /sr_io9)
    (add_net /usb_dm)
    (add_net /usb_dp)
    (add_net /vddp1)
    (add_net /vddp2)
    (add_net /vddp3)
    (add_net /xtal_in)
    (add_net /xtal_out)
    (add_net GND)
    (add_net "Net-(C11-Pad2)")
    (add_net "Net-(C14-Pad2)")
    (add_net "Net-(C21-Pad1)")
    (add_net "Net-(C3-Pad1)")
    (add_net "Net-(C4-Pad1)")
    (add_net "Net-(C5-Pad1)")
    (add_net "Net-(C7-Pad1)")
    (add_net "Net-(C8-Pad2)")
    (add_net "Net-(J11-Pad9)")
    (add_net "Net-(J12-Pad2)")
    (add_net "Net-(J12-Pad3)")
    (add_net "Net-(J12-Pad4)")
    (add_net "Net-(J12-Pad6)")
    (add_net "Net-(L1-Pad1)")
    (add_net "Net-(L2-Pad1)")
    (add_net "Net-(L3-Pad1)")
    (add_net "Net-(U7-Pad4)")
  )

  (module Capacitor_SMD:C_0603_1608Metric (layer F.Cu) (tedit 5C6FFCC1) (tstamp 5C7C5594)
    (at 140.344999 98.744999 180)
    (descr "Capacitor SMD 0603 (1608 Metric), square (rectangular) end terminal, IPC_7351 nominal, (Body size source: http://www.tortai-tech.com/upload/download/2011102023233369053.pdf), generated with kicad-footprint-generator")
    (tags capacitor)
    (path /5C8BA434)
    (attr smd)
    (fp_text reference C31 (at -2.905001 -0.015001 180) (layer F.SilkS)
      (effects (font (size 1 1) (thickness 0.15)))
    )
    (fp_text value C (at 0 1.43 180) (layer F.Fab) hide
      (effects (font (size 1 1) (thickness 0.15)))
    )
    (fp_text user %R (at 0 0 180) (layer F.Fab)
      (effects (font (size 0.4 0.4) (thickness 0.06)))
    )
    (fp_line (start 1.48 0.73) (end -1.48 0.73) (layer F.CrtYd) (width 0.05))
    (fp_line (start 1.48 -0.73) (end 1.48 0.73) (layer F.CrtYd) (width 0.05))
    (fp_line (start -1.48 -0.73) (end 1.48 -0.73) (layer F.CrtYd) (width 0.05))
    (fp_line (start -1.48 0.73) (end -1.48 -0.73) (layer F.CrtYd) (width 0.05))
    (fp_line (start -0.162779 0.51) (end 0.162779 0.51) (layer F.SilkS) (width 0.12))
    (fp_line (start -0.162779 -0.51) (end 0.162779 -0.51) (layer F.SilkS) (width 0.12))
    (fp_line (start 0.8 0.4) (end -0.8 0.4) (layer F.Fab) (width 0.1))
    (fp_line (start 0.8 -0.4) (end 0.8 0.4) (layer F.Fab) (width 0.1))
    (fp_line (start -0.8 -0.4) (end 0.8 -0.4) (layer F.Fab) (width 0.1))
    (fp_line (start -0.8 0.4) (end -0.8 -0.4) (layer F.Fab) (width 0.1))
    (pad 2 smd roundrect (at 0.7875 0 180) (size 0.875 0.95) (layers F.Cu F.Paste F.Mask) (roundrect_rratio 0.25)
      (net 19 GND))
    (pad 1 smd roundrect (at -0.7875 0 180) (size 0.875 0.95) (layers F.Cu F.Paste F.Mask) (roundrect_rratio 0.25)
      (net 1 +1V8))
    (model ${KISYS3DMOD}/Capacitor_SMD.3dshapes/C_0603_1608Metric.wrl
      (at (xyz 0 0 0))
      (scale (xyz 1 1 1))
      (rotate (xyz 0 0 0))
    )
  )

  (module Capacitor_SMD:C_0603_1608Metric (layer F.Cu) (tedit 5C6FFCBC) (tstamp 5C7C5583)
    (at 140.3625 100.36 180)
    (descr "Capacitor SMD 0603 (1608 Metric), square (rectangular) end terminal, IPC_7351 nominal, (Body size source: http://www.tortai-tech.com/upload/download/2011102023233369053.pdf), generated with kicad-footprint-generator")
    (tags capacitor)
    (path /5C8BA557)
    (attr smd)
    (fp_text reference C32 (at -2.9375 0 180) (layer F.SilkS)
      (effects (font (size 1 1) (thickness 0.15)))
    )
    (fp_text value C (at 0 1.43 180) (layer F.Fab) hide
      (effects (font (size 1 1) (thickness 0.15)))
    )
    (fp_line (start -0.8 0.4) (end -0.8 -0.4) (layer F.Fab) (width 0.1))
    (fp_line (start -0.8 -0.4) (end 0.8 -0.4) (layer F.Fab) (width 0.1))
    (fp_line (start 0.8 -0.4) (end 0.8 0.4) (layer F.Fab) (width 0.1))
    (fp_line (start 0.8 0.4) (end -0.8 0.4) (layer F.Fab) (width 0.1))
    (fp_line (start -0.162779 -0.51) (end 0.162779 -0.51) (layer F.SilkS) (width 0.12))
    (fp_line (start -0.162779 0.51) (end 0.162779 0.51) (layer F.SilkS) (width 0.12))
    (fp_line (start -1.48 0.73) (end -1.48 -0.73) (layer F.CrtYd) (width 0.05))
    (fp_line (start -1.48 -0.73) (end 1.48 -0.73) (layer F.CrtYd) (width 0.05))
    (fp_line (start 1.48 -0.73) (end 1.48 0.73) (layer F.CrtYd) (width 0.05))
    (fp_line (start 1.48 0.73) (end -1.48 0.73) (layer F.CrtYd) (width 0.05))
    (fp_text user %R (at 0 0 180) (layer F.Fab)
      (effects (font (size 0.4 0.4) (thickness 0.06)))
    )
    (pad 1 smd roundrect (at -0.7875 0 180) (size 0.875 0.95) (layers F.Cu F.Paste F.Mask) (roundrect_rratio 0.25)
      (net 1 +1V8))
    (pad 2 smd roundrect (at 0.7875 0 180) (size 0.875 0.95) (layers F.Cu F.Paste F.Mask) (roundrect_rratio 0.25)
      (net 19 GND))
    (model ${KISYS3DMOD}/Capacitor_SMD.3dshapes/C_0603_1608Metric.wrl
      (at (xyz 0 0 0))
      (scale (xyz 1 1 1))
      (rotate (xyz 0 0 0))
    )
  )

  (module Capacitor_SMD:C_0603_1608Metric (layer F.Cu) (tedit 5C6FFBA4) (tstamp 5C7C3E16)
    (at 167.9 100.26)
    (descr "Capacitor SMD 0603 (1608 Metric), square (rectangular) end terminal, IPC_7351 nominal, (Body size source: http://www.tortai-tech.com/upload/download/2011102023233369053.pdf), generated with kicad-footprint-generator")
    (tags capacitor)
    (path /5C7FA26E)
    (attr smd)
    (fp_text reference C30 (at 2.875 0.025) (layer F.SilkS)
      (effects (font (size 1 1) (thickness 0.15)))
    )
    (fp_text value C (at 0 1.43) (layer F.Fab) hide
      (effects (font (size 1 1) (thickness 0.15)))
    )
    (fp_line (start -0.8 0.4) (end -0.8 -0.4) (layer F.Fab) (width 0.1))
    (fp_line (start -0.8 -0.4) (end 0.8 -0.4) (layer F.Fab) (width 0.1))
    (fp_line (start 0.8 -0.4) (end 0.8 0.4) (layer F.Fab) (width 0.1))
    (fp_line (start 0.8 0.4) (end -0.8 0.4) (layer F.Fab) (width 0.1))
    (fp_line (start -0.162779 -0.51) (end 0.162779 -0.51) (layer F.SilkS) (width 0.12))
    (fp_line (start -0.162779 0.51) (end 0.162779 0.51) (layer F.SilkS) (width 0.12))
    (fp_line (start -1.48 0.73) (end -1.48 -0.73) (layer F.CrtYd) (width 0.05))
    (fp_line (start -1.48 -0.73) (end 1.48 -0.73) (layer F.CrtYd) (width 0.05))
    (fp_line (start 1.48 -0.73) (end 1.48 0.73) (layer F.CrtYd) (width 0.05))
    (fp_line (start 1.48 0.73) (end -1.48 0.73) (layer F.CrtYd) (width 0.05))
    (fp_text user %R (at 0 0) (layer F.Fab)
      (effects (font (size 0.4 0.4) (thickness 0.06)))
    )
    (pad 1 smd roundrect (at -0.7875 0) (size 0.875 0.95) (layers F.Cu F.Paste F.Mask) (roundrect_rratio 0.25)
      (net 20 +3V3))
    (pad 2 smd roundrect (at 0.7875 0) (size 0.875 0.95) (layers F.Cu F.Paste F.Mask) (roundrect_rratio 0.25)
      (net 19 GND))
    (model ${KISYS3DMOD}/Capacitor_SMD.3dshapes/C_0603_1608Metric.wrl
      (at (xyz 0 0 0))
      (scale (xyz 1 1 1))
      (rotate (xyz 0 0 0))
    )
  )

  (module Capacitor_SMD:C_0603_1608Metric (layer F.Cu) (tedit 5C6FFB69) (tstamp 5C7C2793)
    (at 167.9 98.71)
    (descr "Capacitor SMD 0603 (1608 Metric), square (rectangular) end terminal, IPC_7351 nominal, (Body size source: http://www.tortai-tech.com/upload/download/2011102023233369053.pdf), generated with kicad-footprint-generator")
    (tags capacitor)
    (path /5C73DDFC)
    (attr smd)
    (fp_text reference C29 (at 2.875 0.075) (layer F.SilkS)
      (effects (font (size 1 1) (thickness 0.15)))
    )
    (fp_text value C (at 0 1.43) (layer F.Fab) hide
      (effects (font (size 1 1) (thickness 0.15)))
    )
    (fp_line (start -0.8 0.4) (end -0.8 -0.4) (layer F.Fab) (width 0.1))
    (fp_line (start -0.8 -0.4) (end 0.8 -0.4) (layer F.Fab) (width 0.1))
    (fp_line (start 0.8 -0.4) (end 0.8 0.4) (layer F.Fab) (width 0.1))
    (fp_line (start 0.8 0.4) (end -0.8 0.4) (layer F.Fab) (width 0.1))
    (fp_line (start -0.162779 -0.51) (end 0.162779 -0.51) (layer F.SilkS) (width 0.12))
    (fp_line (start -0.162779 0.51) (end 0.162779 0.51) (layer F.SilkS) (width 0.12))
    (fp_line (start -1.48 0.73) (end -1.48 -0.73) (layer F.CrtYd) (width 0.05))
    (fp_line (start -1.48 -0.73) (end 1.48 -0.73) (layer F.CrtYd) (width 0.05))
    (fp_line (start 1.48 -0.73) (end 1.48 0.73) (layer F.CrtYd) (width 0.05))
    (fp_line (start 1.48 0.73) (end -1.48 0.73) (layer F.CrtYd) (width 0.05))
    (fp_text user %R (at 0 0) (layer F.Fab)
      (effects (font (size 0.4 0.4) (thickness 0.06)))
    )
    (pad 1 smd roundrect (at -0.7875 0) (size 0.875 0.95) (layers F.Cu F.Paste F.Mask) (roundrect_rratio 0.25)
      (net 20 +3V3))
    (pad 2 smd roundrect (at 0.7875 0) (size 0.875 0.95) (layers F.Cu F.Paste F.Mask) (roundrect_rratio 0.25)
      (net 19 GND))
    (model ${KISYS3DMOD}/Capacitor_SMD.3dshapes/C_0603_1608Metric.wrl
      (at (xyz 0 0 0))
      (scale (xyz 1 1 1))
      (rotate (xyz 0 0 0))
    )
  )

  (module Capacitor_SMD:C_0603_1608Metric (layer F.Cu) (tedit 5B301BBE) (tstamp 5C801775)
    (at 158.5475 101.11)
    (descr "Capacitor SMD 0603 (1608 Metric), square (rectangular) end terminal, IPC_7351 nominal, (Body size source: http://www.tortai-tech.com/upload/download/2011102023233369053.pdf), generated with kicad-footprint-generator")
    (tags capacitor)
    (path /5D060C32)
    (attr smd)
    (fp_text reference C28 (at 0 -1.43) (layer F.SilkS)
      (effects (font (size 1 1) (thickness 0.15)))
    )
    (fp_text value C (at 0 1.43) (layer F.Fab)
      (effects (font (size 1 1) (thickness 0.15)))
    )
    (fp_line (start -0.8 0.4) (end -0.8 -0.4) (layer F.Fab) (width 0.1))
    (fp_line (start -0.8 -0.4) (end 0.8 -0.4) (layer F.Fab) (width 0.1))
    (fp_line (start 0.8 -0.4) (end 0.8 0.4) (layer F.Fab) (width 0.1))
    (fp_line (start 0.8 0.4) (end -0.8 0.4) (layer F.Fab) (width 0.1))
    (fp_line (start -0.162779 -0.51) (end 0.162779 -0.51) (layer F.SilkS) (width 0.12))
    (fp_line (start -0.162779 0.51) (end 0.162779 0.51) (layer F.SilkS) (width 0.12))
    (fp_line (start -1.48 0.73) (end -1.48 -0.73) (layer F.CrtYd) (width 0.05))
    (fp_line (start -1.48 -0.73) (end 1.48 -0.73) (layer F.CrtYd) (width 0.05))
    (fp_line (start 1.48 -0.73) (end 1.48 0.73) (layer F.CrtYd) (width 0.05))
    (fp_line (start 1.48 0.73) (end -1.48 0.73) (layer F.CrtYd) (width 0.05))
    (fp_text user %R (at 0 0) (layer F.Fab)
      (effects (font (size 0.4 0.4) (thickness 0.06)))
    )
    (pad 1 smd roundrect (at -0.7875 0) (size 0.875 0.95) (layers F.Cu F.Paste F.Mask) (roundrect_rratio 0.25)
      (net 3 +3.3VA))
    (pad 2 smd roundrect (at 0.7875 0) (size 0.875 0.95) (layers F.Cu F.Paste F.Mask) (roundrect_rratio 0.25)
      (net 19 GND))
    (model ${KISYS3DMOD}/Capacitor_SMD.3dshapes/C_0603_1608Metric.wrl
      (at (xyz 0 0 0))
      (scale (xyz 1 1 1))
      (rotate (xyz 0 0 0))
    )
  )

  (module thumbee:thumbee locked (layer F.Cu) (tedit 5C5C4539) (tstamp 5C715819)
    (at 154.1 98.16)
    (path /5F19C300)
    (fp_text reference MOD1 (at 0.05 0.175) (layer F.SilkS) hide
      (effects (font (size 1 1) (thickness 0.15)))
    )
    (fp_text value thumbee (at 0 -2.5) (layer F.Fab)
      (effects (font (size 1 1) (thickness 0.15)))
    )
    (fp_line (start 19 19) (end -19 19) (layer F.SilkS) (width 0.15))
    (fp_line (start -19 19) (end -19 -19) (layer F.SilkS) (width 0.15))
    (fp_line (start -19 -19) (end 19 -19) (layer F.SilkS) (width 0.15))
    (fp_line (start 19 -19) (end 19 19) (layer F.SilkS) (width 0.15))
    (pad 1 thru_hole circle (at 17 -19) (size 1.5 1.5) (drill 0.8) (layers *.Cu *.Mask)
      (net 39 /sr_io2))
    (pad 2 thru_hole circle (at 15 -19) (size 1.5 1.5) (drill 0.8) (layers *.Cu *.Mask)
      (net 40 /sr_io3))
    (pad 3 thru_hole circle (at 13 -19) (size 1.5 1.5) (drill 0.8) (layers *.Cu *.Mask)
      (net 41 /sr_io4))
    (pad 4 thru_hole circle (at 11 -19) (size 1.5 1.5) (drill 0.8) (layers *.Cu *.Mask)
      (net 42 /sr_io5))
    (pad 5 thru_hole circle (at 9 -19) (size 1.5 1.5) (drill 0.8) (layers *.Cu *.Mask)
      (net 43 /sr_io6))
    (pad 6 thru_hole circle (at 7 -19) (size 1.5 1.5) (drill 0.8) (layers *.Cu *.Mask)
      (net 54 /sr_io7))
    (pad 7 thru_hole circle (at 5 -19) (size 1.5 1.5) (drill 0.8) (layers *.Cu *.Mask)
      (net 1 +1V8))
    (pad 8 thru_hole circle (at 3 -19) (size 1.5 1.5) (drill 0.8) (layers *.Cu *.Mask)
      (net 20 +3V3))
    (pad 9 thru_hole circle (at 1 -19) (size 1.5 1.5) (drill 0.8) (layers *.Cu *.Mask)
      (net 53 /sr_io8))
    (pad 10 thru_hole circle (at -1 -19) (size 1.5 1.5) (drill 0.8) (layers *.Cu *.Mask)
      (net 52 /sr_io9))
    (pad 11 thru_hole circle (at -3 -19) (size 1.5 1.5) (drill 0.8) (layers *.Cu *.Mask)
      (net 51 /sr_io10))
    (pad 12 thru_hole circle (at -5 -19) (size 1.5 1.5) (drill 0.8) (layers *.Cu *.Mask)
      (net 50 /sr_io11))
    (pad 13 thru_hole circle (at -7 -19) (size 1.5 1.5) (drill 0.8) (layers *.Cu *.Mask)
      (net 49 /sr_io12))
    (pad 14 thru_hole circle (at -9 -19) (size 1.5 1.5) (drill 0.8) (layers *.Cu *.Mask)
      (net 48 /sr_io13))
    (pad 15 thru_hole circle (at -11 -19) (size 1.5 1.5) (drill 0.8) (layers *.Cu *.Mask)
      (net 47 /sr_io14))
    (pad 16 thru_hole circle (at -13 -19) (size 1.5 1.5) (drill 0.8) (layers *.Cu *.Mask)
      (net 46 /sr_io15))
    (pad 17 thru_hole circle (at -15 -19) (size 1.5 1.5) (drill 0.8) (layers *.Cu *.Mask)
      (net 45 /sr_io16))
    (pad 18 thru_hole circle (at -17 -19) (size 1.5 1.5) (drill 0.8) (layers *.Cu *.Mask)
      (net 44 /sr_io17))
    (pad 19 thru_hole circle (at -19 -17) (size 1.5 1.5) (drill 0.8) (layers *.Cu *.Mask)
      (net 19 GND))
    (pad 20 thru_hole circle (at -19 -15) (size 1.5 1.5) (drill 0.8) (layers *.Cu *.Mask)
      (net 55 /spi0_cz))
    (pad 21 thru_hole circle (at -19 -13) (size 1.5 1.5) (drill 0.8) (layers *.Cu *.Mask)
      (net 56 /spi0_ck))
    (pad 22 thru_hole circle (at -19 -11) (size 1.5 1.5) (drill 0.8) (layers *.Cu *.Mask)
      (net 57 /spi0_di))
    (pad 23 thru_hole circle (at -19 -9) (size 1.5 1.5) (drill 0.8) (layers *.Cu *.Mask)
      (net 58 /spi0_do))
    (pad 24 thru_hole circle (at -19 -7) (size 1.5 1.5) (drill 0.8) (layers *.Cu *.Mask)
      (net 59 /sd_clk))
    (pad 25 thru_hole circle (at -19 -5) (size 1.5 1.5) (drill 0.8) (layers *.Cu *.Mask)
      (net 60 /sd_cmd))
    (pad 26 thru_hole circle (at -19 -3) (size 1.5 1.5) (drill 0.8) (layers *.Cu *.Mask)
      (net 61 /sd_d0))
    (pad 27 thru_hole circle (at -19 -1) (size 1.5 1.5) (drill 0.8) (layers *.Cu *.Mask)
      (net 62 /sd_d1))
    (pad 28 thru_hole circle (at -19 1) (size 1.5 1.5) (drill 0.8) (layers *.Cu *.Mask)
      (net 63 /sd_d2))
    (pad 29 thru_hole circle (at -19 3) (size 1.5 1.5) (drill 0.8) (layers *.Cu *.Mask)
      (net 64 /sd_d3))
    (pad 30 thru_hole circle (at -19 5) (size 1.5 1.5) (drill 0.8) (layers *.Cu *.Mask)
      (net 65 /pm_sd_cdz))
    (pad 31 thru_hole circle (at -19 7) (size 1.5 1.5) (drill 0.8) (layers *.Cu *.Mask)
      (net 19 GND))
    (pad 32 thru_hole circle (at -19 9) (size 1.5 1.5) (drill 0.8) (layers *.Cu *.Mask)
      (net 67 /usb_dm))
    (pad 33 thru_hole circle (at -19 11) (size 1.5 1.5) (drill 0.8) (layers *.Cu *.Mask)
      (net 66 /usb_dp))
    (pad 34 thru_hole circle (at -19 13) (size 1.5 1.5) (drill 0.8) (layers *.Cu *.Mask)
      (net 19 GND))
    (pad 35 thru_hole circle (at -19 15) (size 1.5 1.5) (drill 0.8) (layers *.Cu *.Mask)
      (net 19 GND))
    (pad 36 thru_hole circle (at -19 17) (size 1.5 1.5) (drill 0.8) (layers *.Cu *.Mask)
      (net 19 GND))
    (pad 37 thru_hole circle (at -17 19) (size 1.5 1.5) (drill 0.8) (layers *.Cu *.Mask)
      (net 69 /aud_vag))
    (pad 38 thru_hole circle (at -15 19) (size 1.5 1.5) (drill 0.8) (layers *.Cu *.Mask)
      (net 70 /aud_vrm_adc))
    (pad 39 thru_hole circle (at -13 19) (size 1.5 1.5) (drill 0.8) (layers *.Cu *.Mask)
      (net 71 /aud_micin0))
    (pad 40 thru_hole circle (at -11 19) (size 1.5 1.5) (drill 0.8) (layers *.Cu *.Mask)
      (net 72 /aud_miccm0))
    (pad 41 thru_hole circle (at -9 19) (size 1.5 1.5) (drill 0.8) (layers *.Cu *.Mask)
      (net 68 /aud_lineout_l0))
    (pad 42 thru_hole circle (at -7 19) (size 1.5 1.5) (drill 0.8) (layers *.Cu *.Mask)
      (net 19 GND))
    (pad 43 thru_hole circle (at 7 19) (size 1.5 1.5) (drill 0.8) (layers *.Cu *.Mask)
      (net 30 +5V))
    (pad 44 thru_hole circle (at 9 19) (size 1.5 1.5) (drill 0.8) (layers *.Cu *.Mask)
      (net 19 GND))
    (pad 45 thru_hole circle (at 11 19) (size 1.5 1.5) (drill 0.8) (layers *.Cu *.Mask)
      (net 73 /sar_gpio3))
    (pad 46 thru_hole circle (at 13 19) (size 1.5 1.5) (drill 0.8) (layers *.Cu *.Mask)
      (net 74 /sar_gpio2))
    (pad 47 thru_hole circle (at 15 19) (size 1.5 1.5) (drill 0.8) (layers *.Cu *.Mask)
      (net 75 /sar_gpio1))
    (pad 48 thru_hole circle (at 17 19) (size 1.5 1.5) (drill 0.8) (layers *.Cu *.Mask)
      (net 76 /sar_gpio0))
    (pad 49 thru_hole circle (at 19 17) (size 1.5 1.5) (drill 0.8) (layers *.Cu *.Mask)
      (net 85 /pm_irin))
    (pad 50 thru_hole circle (at 19 15) (size 1.5 1.5) (drill 0.8) (layers *.Cu *.Mask)
      (net 87 /pm_gpio4))
    (pad 51 thru_hole circle (at 19 13) (size 1.5 1.5) (drill 0.8) (layers *.Cu *.Mask)
      (net 19 GND))
    (pad 52 thru_hole circle (at 19 11) (size 1.5 1.5) (drill 0.8) (layers *.Cu *.Mask)
      (net 19 GND))
    (pad 53 thru_hole circle (at 19 9) (size 1.5 1.5) (drill 0.8) (layers *.Cu *.Mask)
      (net 19 GND))
    (pad 54 thru_hole circle (at 19 7) (size 1.5 1.5) (drill 0.8) (layers *.Cu *.Mask)
      (net 80 /eth_rn))
    (pad 55 thru_hole circle (at 19 5) (size 1.5 1.5) (drill 0.8) (layers *.Cu *.Mask)
      (net 79 /eth_rp))
    (pad 56 thru_hole circle (at 19 3) (size 1.5 1.5) (drill 0.8) (layers *.Cu *.Mask)
      (net 78 /eth_tn))
    (pad 57 thru_hole circle (at 19 1) (size 1.5 1.5) (drill 0.8) (layers *.Cu *.Mask)
      (net 77 /eth_tp))
    (pad 58 thru_hole circle (at 19 -1) (size 1.5 1.5) (drill 0.8) (layers *.Cu *.Mask)
      (net 19 GND))
    (pad 59 thru_hole circle (at 19 -3) (size 1.5 1.5) (drill 0.8) (layers *.Cu *.Mask)
      (net 81 /fuart_rx))
    (pad 60 thru_hole circle (at 19 -5) (size 1.5 1.5) (drill 0.8) (layers *.Cu *.Mask)
      (net 82 /fuart_tx))
    (pad 61 thru_hole circle (at 19 -7) (size 1.5 1.5) (drill 0.8) (layers *.Cu *.Mask)
      (net 83 /fuart_cts))
    (pad 62 thru_hole circle (at 19 -9) (size 1.5 1.5) (drill 0.8) (layers *.Cu *.Mask)
      (net 84 /fuart_rtx))
    (pad 63 thru_hole circle (at 19 -11) (size 1.5 1.5) (drill 0.8) (layers *.Cu *.Mask)
      (net 19 GND))
    (pad 64 thru_hole circle (at 19 -13) (size 1.5 1.5) (drill 0.8) (layers *.Cu *.Mask)
      (net 19 GND))
    (pad 65 thru_hole circle (at 19 -15) (size 1.5 1.5) (drill 0.8) (layers *.Cu *.Mask)
      (net 38 /i2c1_scl))
    (pad 66 thru_hole circle (at 19 -17) (size 1.5 1.5) (drill 0.8) (layers *.Cu *.Mask)
      (net 37 /i2c1_sda))
  )

  (module Capacitor_SMD:C_0603_1608Metric (layer F.Cu) (tedit 5B301BBE) (tstamp 5C7F6690)
    (at 158.725 89.285)
    (descr "Capacitor SMD 0603 (1608 Metric), square (rectangular) end terminal, IPC_7351 nominal, (Body size source: http://www.tortai-tech.com/upload/download/2011102023233369053.pdf), generated with kicad-footprint-generator")
    (tags capacitor)
    (path /5CBCB6E8)
    (attr smd)
    (fp_text reference C27 (at 0.025 1.475) (layer F.SilkS)
      (effects (font (size 1 1) (thickness 0.15)))
    )
    (fp_text value C (at 0 1.43) (layer F.Fab)
      (effects (font (size 1 1) (thickness 0.15)))
    )
    (fp_text user %R (at 0 0) (layer F.Fab)
      (effects (font (size 0.4 0.4) (thickness 0.06)))
    )
    (fp_line (start 1.48 0.73) (end -1.48 0.73) (layer F.CrtYd) (width 0.05))
    (fp_line (start 1.48 -0.73) (end 1.48 0.73) (layer F.CrtYd) (width 0.05))
    (fp_line (start -1.48 -0.73) (end 1.48 -0.73) (layer F.CrtYd) (width 0.05))
    (fp_line (start -1.48 0.73) (end -1.48 -0.73) (layer F.CrtYd) (width 0.05))
    (fp_line (start -0.162779 0.51) (end 0.162779 0.51) (layer F.SilkS) (width 0.12))
    (fp_line (start -0.162779 -0.51) (end 0.162779 -0.51) (layer F.SilkS) (width 0.12))
    (fp_line (start 0.8 0.4) (end -0.8 0.4) (layer F.Fab) (width 0.1))
    (fp_line (start 0.8 -0.4) (end 0.8 0.4) (layer F.Fab) (width 0.1))
    (fp_line (start -0.8 -0.4) (end 0.8 -0.4) (layer F.Fab) (width 0.1))
    (fp_line (start -0.8 0.4) (end -0.8 -0.4) (layer F.Fab) (width 0.1))
    (pad 2 smd roundrect (at 0.7875 0) (size 0.875 0.95) (layers F.Cu F.Paste F.Mask) (roundrect_rratio 0.25)
      (net 19 GND))
    (pad 1 smd roundrect (at -0.7875 0) (size 0.875 0.95) (layers F.Cu F.Paste F.Mask) (roundrect_rratio 0.25)
      (net 2 +1V0))
    (model ${KISYS3DMOD}/Capacitor_SMD.3dshapes/C_0603_1608Metric.wrl
      (at (xyz 0 0 0))
      (scale (xyz 1 1 1))
      (rotate (xyz 0 0 0))
    )
  )

  (module Resistor_SMD:R_0603_1608Metric (layer F.Cu) (tedit 5B301BBD) (tstamp 5C725B49)
    (at 141.85 82.535)
    (descr "Resistor SMD 0603 (1608 Metric), square (rectangular) end terminal, IPC_7351 nominal, (Body size source: http://www.tortai-tech.com/upload/download/2011102023233369053.pdf), generated with kicad-footprint-generator")
    (tags resistor)
    (path /5D33756B)
    (attr smd)
    (fp_text reference R3 (at 0 -1.375) (layer F.SilkS)
      (effects (font (size 1 1) (thickness 0.15)))
    )
    (fp_text value 10k (at 0 1.43) (layer F.Fab) hide
      (effects (font (size 1 1) (thickness 0.15)))
    )
    (fp_text user %R (at 0 0) (layer F.Fab)
      (effects (font (size 0.4 0.4) (thickness 0.06)))
    )
    (fp_line (start 1.48 0.73) (end -1.48 0.73) (layer F.CrtYd) (width 0.05))
    (fp_line (start 1.48 -0.73) (end 1.48 0.73) (layer F.CrtYd) (width 0.05))
    (fp_line (start -1.48 -0.73) (end 1.48 -0.73) (layer F.CrtYd) (width 0.05))
    (fp_line (start -1.48 0.73) (end -1.48 -0.73) (layer F.CrtYd) (width 0.05))
    (fp_line (start -0.162779 0.51) (end 0.162779 0.51) (layer F.SilkS) (width 0.12))
    (fp_line (start -0.162779 -0.51) (end 0.162779 -0.51) (layer F.SilkS) (width 0.12))
    (fp_line (start 0.8 0.4) (end -0.8 0.4) (layer F.Fab) (width 0.1))
    (fp_line (start 0.8 -0.4) (end 0.8 0.4) (layer F.Fab) (width 0.1))
    (fp_line (start -0.8 -0.4) (end 0.8 -0.4) (layer F.Fab) (width 0.1))
    (fp_line (start -0.8 0.4) (end -0.8 -0.4) (layer F.Fab) (width 0.1))
    (pad 2 smd roundrect (at 0.7875 0) (size 0.875 0.95) (layers F.Cu F.Paste F.Mask) (roundrect_rratio 0.25)
      (net 24 "Net-(C7-Pad1)"))
    (pad 1 smd roundrect (at -0.7875 0) (size 0.875 0.95) (layers F.Cu F.Paste F.Mask) (roundrect_rratio 0.25)
      (net 1 +1V8))
    (model ${KISYS3DMOD}/Resistor_SMD.3dshapes/R_0603_1608Metric.wrl
      (at (xyz 0 0 0))
      (scale (xyz 1 1 1))
      (rotate (xyz 0 0 0))
    )
  )

  (module Package_TO_SOT_SMD:TSOT-23-5 (layer F.Cu) (tedit 5A02FF57) (tstamp 5C723745)
    (at 163.3 86.335 90)
    (descr "5-pin TSOT23 package, http://cds.linear.com/docs/en/packaging/SOT_5_05-08-1635.pdf")
    (tags TSOT-23-5)
    (path /5C626ACA)
    (attr smd)
    (fp_text reference U6 (at -2.875 0.05 180) (layer F.SilkS)
      (effects (font (size 1 1) (thickness 0.15)))
    )
    (fp_text value RT8059GJ5 (at 0 2.5 90) (layer F.Fab) hide
      (effects (font (size 1 1) (thickness 0.15)))
    )
    (fp_line (start 2.17 1.7) (end -2.17 1.7) (layer F.CrtYd) (width 0.05))
    (fp_line (start 2.17 1.7) (end 2.17 -1.7) (layer F.CrtYd) (width 0.05))
    (fp_line (start -2.17 -1.7) (end -2.17 1.7) (layer F.CrtYd) (width 0.05))
    (fp_line (start -2.17 -1.7) (end 2.17 -1.7) (layer F.CrtYd) (width 0.05))
    (fp_line (start 0.88 -1.45) (end 0.88 1.45) (layer F.Fab) (width 0.1))
    (fp_line (start 0.88 1.45) (end -0.88 1.45) (layer F.Fab) (width 0.1))
    (fp_line (start -0.88 -1) (end -0.88 1.45) (layer F.Fab) (width 0.1))
    (fp_line (start 0.88 -1.45) (end -0.43 -1.45) (layer F.Fab) (width 0.1))
    (fp_line (start -0.88 -1) (end -0.43 -1.45) (layer F.Fab) (width 0.1))
    (fp_line (start 0.88 -1.51) (end -1.55 -1.51) (layer F.SilkS) (width 0.12))
    (fp_line (start -0.88 1.56) (end 0.88 1.56) (layer F.SilkS) (width 0.12))
    (fp_text user %R (at 0 0 180) (layer F.Fab)
      (effects (font (size 0.5 0.5) (thickness 0.075)))
    )
    (pad 5 smd rect (at 1.31 -0.95 90) (size 1.22 0.65) (layers F.Cu F.Paste F.Mask)
      (net 21 "Net-(C14-Pad2)"))
    (pad 4 smd rect (at 1.31 0.95 90) (size 1.22 0.65) (layers F.Cu F.Paste F.Mask)
      (net 30 +5V))
    (pad 3 smd rect (at -1.31 0.95 90) (size 1.22 0.65) (layers F.Cu F.Paste F.Mask)
      (net 33 "Net-(L3-Pad1)"))
    (pad 2 smd rect (at -1.31 0 90) (size 1.22 0.65) (layers F.Cu F.Paste F.Mask)
      (net 19 GND))
    (pad 1 smd rect (at -1.31 -0.95 90) (size 1.22 0.65) (layers F.Cu F.Paste F.Mask)
      (net 30 +5V))
    (model ${KISYS3DMOD}/Package_TO_SOT_SMD.3dshapes/TSOT-23-5.wrl
      (at (xyz 0 0 0))
      (scale (xyz 1 1 1))
      (rotate (xyz 0 0 0))
    )
  )

  (module Capacitor_SMD:C_0603_1608Metric (layer F.Cu) (tedit 5B301BBE) (tstamp 5C7189F6)
    (at 147.225 100.635)
    (descr "Capacitor SMD 0603 (1608 Metric), square (rectangular) end terminal, IPC_7351 nominal, (Body size source: http://www.tortai-tech.com/upload/download/2011102023233369053.pdf), generated with kicad-footprint-generator")
    (tags capacitor)
    (path /5D0D6EAC)
    (attr smd)
    (fp_text reference C19 (at 2.925 -0.025) (layer F.SilkS)
      (effects (font (size 1 1) (thickness 0.15)))
    )
    (fp_text value C (at 0 1.43) (layer F.Fab) hide
      (effects (font (size 1 1) (thickness 0.15)))
    )
    (fp_text user %R (at 0 0) (layer F.Fab)
      (effects (font (size 0.4 0.4) (thickness 0.06)))
    )
    (fp_line (start 1.48 0.73) (end -1.48 0.73) (layer F.CrtYd) (width 0.05))
    (fp_line (start 1.48 -0.73) (end 1.48 0.73) (layer F.CrtYd) (width 0.05))
    (fp_line (start -1.48 -0.73) (end 1.48 -0.73) (layer F.CrtYd) (width 0.05))
    (fp_line (start -1.48 0.73) (end -1.48 -0.73) (layer F.CrtYd) (width 0.05))
    (fp_line (start -0.162779 0.51) (end 0.162779 0.51) (layer F.SilkS) (width 0.12))
    (fp_line (start -0.162779 -0.51) (end 0.162779 -0.51) (layer F.SilkS) (width 0.12))
    (fp_line (start 0.8 0.4) (end -0.8 0.4) (layer F.Fab) (width 0.1))
    (fp_line (start 0.8 -0.4) (end 0.8 0.4) (layer F.Fab) (width 0.1))
    (fp_line (start -0.8 -0.4) (end 0.8 -0.4) (layer F.Fab) (width 0.1))
    (fp_line (start -0.8 0.4) (end -0.8 -0.4) (layer F.Fab) (width 0.1))
    (pad 2 smd roundrect (at 0.7875 0) (size 0.875 0.95) (layers F.Cu F.Paste F.Mask) (roundrect_rratio 0.25)
      (net 19 GND))
    (pad 1 smd roundrect (at -0.7875 0) (size 0.875 0.95) (layers F.Cu F.Paste F.Mask) (roundrect_rratio 0.25)
      (net 1 +1V8))
    (model ${KISYS3DMOD}/Capacitor_SMD.3dshapes/C_0603_1608Metric.wrl
      (at (xyz 0 0 0))
      (scale (xyz 1 1 1))
      (rotate (xyz 0 0 0))
    )
  )

  (module Capacitor_SMD:C_0603_1608Metric (layer F.Cu) (tedit 5B301BBE) (tstamp 5C71501C)
    (at 146.95 112.86 180)
    (descr "Capacitor SMD 0603 (1608 Metric), square (rectangular) end terminal, IPC_7351 nominal, (Body size source: http://www.tortai-tech.com/upload/download/2011102023233369053.pdf), generated with kicad-footprint-generator")
    (tags capacitor)
    (path /5C623E65)
    (attr smd)
    (fp_text reference C11 (at 0.75 -1.25 180) (layer F.SilkS)
      (effects (font (size 1 1) (thickness 0.15)))
    )
    (fp_text value 22pf (at 0 1.43 180) (layer F.Fab) hide
      (effects (font (size 1 1) (thickness 0.15)))
    )
    (fp_text user %R (at 0 0 180) (layer F.Fab)
      (effects (font (size 0.4 0.4) (thickness 0.06)))
    )
    (fp_line (start 1.48 0.73) (end -1.48 0.73) (layer F.CrtYd) (width 0.05))
    (fp_line (start 1.48 -0.73) (end 1.48 0.73) (layer F.CrtYd) (width 0.05))
    (fp_line (start -1.48 -0.73) (end 1.48 -0.73) (layer F.CrtYd) (width 0.05))
    (fp_line (start -1.48 0.73) (end -1.48 -0.73) (layer F.CrtYd) (width 0.05))
    (fp_line (start -0.162779 0.51) (end 0.162779 0.51) (layer F.SilkS) (width 0.12))
    (fp_line (start -0.162779 -0.51) (end 0.162779 -0.51) (layer F.SilkS) (width 0.12))
    (fp_line (start 0.8 0.4) (end -0.8 0.4) (layer F.Fab) (width 0.1))
    (fp_line (start 0.8 -0.4) (end 0.8 0.4) (layer F.Fab) (width 0.1))
    (fp_line (start -0.8 -0.4) (end 0.8 -0.4) (layer F.Fab) (width 0.1))
    (fp_line (start -0.8 0.4) (end -0.8 -0.4) (layer F.Fab) (width 0.1))
    (pad 2 smd roundrect (at 0.7875 0 180) (size 0.875 0.95) (layers F.Cu F.Paste F.Mask) (roundrect_rratio 0.25)
      (net 22 "Net-(C11-Pad2)"))
    (pad 1 smd roundrect (at -0.7875 0 180) (size 0.875 0.95) (layers F.Cu F.Paste F.Mask) (roundrect_rratio 0.25)
      (net 1 +1V8))
    (model ${KISYS3DMOD}/Capacitor_SMD.3dshapes/C_0603_1608Metric.wrl
      (at (xyz 0 0 0))
      (scale (xyz 1 1 1))
      (rotate (xyz 0 0 0))
    )
  )

  (module Connector_PinHeader_1.00mm:PinHeader_2x05_P1.00mm_Vertical_SMD (layer B.Cu) (tedit 5C5C594D) (tstamp 5CB8A424)
    (at 167.5 108.41 270)
    (descr "surface-mounted straight pin header, 2x05, 1.00mm pitch, double rows")
    (tags "Surface mounted pin header SMD 2x05 1.00mm double row")
    (path /5D86318B)
    (attr smd)
    (fp_text reference J11 (at 0 3.56 270) (layer B.SilkS)
      (effects (font (size 1 1) (thickness 0.15)) (justify mirror))
    )
    (fp_text value Conn_02x05_Odd_Even (at 0 -3.56 270) (layer B.Fab) hide
      (effects (font (size 1 1) (thickness 0.15)) (justify mirror))
    )
    (fp_line (start 1.15 -2.5) (end -1.15 -2.5) (layer B.Fab) (width 0.1))
    (fp_line (start -0.8 2.5) (end 1.15 2.5) (layer B.Fab) (width 0.1))
    (fp_line (start -1.15 -2.5) (end -1.15 2.15) (layer B.Fab) (width 0.1))
    (fp_line (start -1.15 2.15) (end -0.8 2.5) (layer B.Fab) (width 0.1))
    (fp_line (start 1.15 2.5) (end 1.15 -2.5) (layer B.Fab) (width 0.1))
    (fp_line (start -1.15 2.15) (end -2.4 2.15) (layer B.Fab) (width 0.1))
    (fp_line (start -2.4 2.15) (end -2.4 1.85) (layer B.Fab) (width 0.1))
    (fp_line (start -2.4 1.85) (end -1.15 1.85) (layer B.Fab) (width 0.1))
    (fp_line (start 1.15 2.15) (end 2.4 2.15) (layer B.Fab) (width 0.1))
    (fp_line (start 2.4 2.15) (end 2.4 1.85) (layer B.Fab) (width 0.1))
    (fp_line (start 2.4 1.85) (end 1.15 1.85) (layer B.Fab) (width 0.1))
    (fp_line (start -1.15 1.15) (end -2.4 1.15) (layer B.Fab) (width 0.1))
    (fp_line (start -2.4 1.15) (end -2.4 0.85) (layer B.Fab) (width 0.1))
    (fp_line (start -2.4 0.85) (end -1.15 0.85) (layer B.Fab) (width 0.1))
    (fp_line (start 1.15 1.15) (end 2.4 1.15) (layer B.Fab) (width 0.1))
    (fp_line (start 2.4 1.15) (end 2.4 0.85) (layer B.Fab) (width 0.1))
    (fp_line (start 2.4 0.85) (end 1.15 0.85) (layer B.Fab) (width 0.1))
    (fp_line (start -1.15 0.15) (end -2.4 0.15) (layer B.Fab) (width 0.1))
    (fp_line (start -2.4 0.15) (end -2.4 -0.15) (layer B.Fab) (width 0.1))
    (fp_line (start -2.4 -0.15) (end -1.15 -0.15) (layer B.Fab) (width 0.1))
    (fp_line (start 1.15 0.15) (end 2.4 0.15) (layer B.Fab) (width 0.1))
    (fp_line (start 2.4 0.15) (end 2.4 -0.15) (layer B.Fab) (width 0.1))
    (fp_line (start 2.4 -0.15) (end 1.15 -0.15) (layer B.Fab) (width 0.1))
    (fp_line (start -1.15 -0.85) (end -2.4 -0.85) (layer B.Fab) (width 0.1))
    (fp_line (start -2.4 -0.85) (end -2.4 -1.15) (layer B.Fab) (width 0.1))
    (fp_line (start -2.4 -1.15) (end -1.15 -1.15) (layer B.Fab) (width 0.1))
    (fp_line (start 1.15 -0.85) (end 2.4 -0.85) (layer B.Fab) (width 0.1))
    (fp_line (start 2.4 -0.85) (end 2.4 -1.15) (layer B.Fab) (width 0.1))
    (fp_line (start 2.4 -1.15) (end 1.15 -1.15) (layer B.Fab) (width 0.1))
    (fp_line (start -1.15 -1.85) (end -2.4 -1.85) (layer B.Fab) (width 0.1))
    (fp_line (start -2.4 -1.85) (end -2.4 -2.15) (layer B.Fab) (width 0.1))
    (fp_line (start -2.4 -2.15) (end -1.15 -2.15) (layer B.Fab) (width 0.1))
    (fp_line (start 1.15 -1.85) (end 2.4 -1.85) (layer B.Fab) (width 0.1))
    (fp_line (start 2.4 -1.85) (end 2.4 -2.15) (layer B.Fab) (width 0.1))
    (fp_line (start 2.4 -2.15) (end 1.15 -2.15) (layer B.Fab) (width 0.1))
    (fp_line (start -1.21 2.56) (end 1.21 2.56) (layer B.SilkS) (width 0.12))
    (fp_line (start -1.21 -2.56) (end 1.21 -2.56) (layer B.SilkS) (width 0.12))
    (fp_line (start -2.59 2.51) (end -1.21 2.51) (layer B.SilkS) (width 0.12))
    (fp_line (start -1.21 2.56) (end -1.21 2.51) (layer B.SilkS) (width 0.12))
    (fp_line (start 1.21 2.56) (end 1.21 2.51) (layer B.SilkS) (width 0.12))
    (fp_line (start -1.21 -2.51) (end -1.21 -2.56) (layer B.SilkS) (width 0.12))
    (fp_line (start 1.21 -2.51) (end 1.21 -2.56) (layer B.SilkS) (width 0.12))
    (fp_line (start -3.65 3) (end -3.65 -3) (layer B.CrtYd) (width 0.05))
    (fp_line (start -3.65 -3) (end 3.65 -3) (layer B.CrtYd) (width 0.05))
    (fp_line (start 3.65 -3) (end 3.65 3) (layer B.CrtYd) (width 0.05))
    (fp_line (start 3.65 3) (end -3.65 3) (layer B.CrtYd) (width 0.05))
    (fp_text user %R (at 0 0 180) (layer B.Fab)
      (effects (font (size 1 1) (thickness 0.15)) (justify mirror))
    )
    (pad 1 smd rect (at -1.65 2 270) (size 2 0.5) (layers B.Cu B.Paste B.Mask)
      (net 20 +3V3))
    (pad 2 smd rect (at 1.65 2 270) (size 2 0.5) (layers B.Cu B.Paste B.Mask)
      (net 9 /spinor_cs))
    (pad 3 smd rect (at -1.65 1 270) (size 2 0.5) (layers B.Cu B.Paste B.Mask)
      (net 36 /spinor_hold))
    (pad 4 smd rect (at 1.65 1 270) (size 2 0.5) (layers B.Cu B.Paste B.Mask)
      (net 10 /spinor_miso))
    (pad 5 smd rect (at -1.65 0 270) (size 2 0.5) (layers B.Cu B.Paste B.Mask)
      (net 13 /spinor_sck))
    (pad 6 smd rect (at 1.65 0 270) (size 2 0.5) (layers B.Cu B.Paste B.Mask)
      (net 11 /spinor_wp))
    (pad 7 smd rect (at -1.65 -1 270) (size 2 0.5) (layers B.Cu B.Paste B.Mask)
      (net 12 /spinor_mosi))
    (pad 8 smd rect (at 1.65 -1 270) (size 2 0.5) (layers B.Cu B.Paste B.Mask)
      (net 5 /reset))
    (pad 9 smd rect (at -1.65 -2 270) (size 2 0.5) (layers B.Cu B.Paste B.Mask)
      (net 86 "Net-(J11-Pad9)"))
    (pad 10 smd rect (at 1.65 -2 270) (size 2 0.5) (layers B.Cu B.Paste B.Mask)
      (net 19 GND))
    (model ${KISYS3DMOD}/Connector_PinHeader_1.00mm.3dshapes/PinHeader_2x05_P1.00mm_Vertical_SMD.wrl
      (at (xyz 0 0 0))
      (scale (xyz 1 1 1))
      (rotate (xyz 0 0 0))
    )
  )

  (module s2qfn80:QFN-80_EP_8x8_Pitch0.35mm (layer F.Cu) (tedit 5C5BF8DE) (tstamp 5C62921C)
    (at 152.525 92.995 90)
    (path /5C4E6AEC)
    (attr smd)
    (fp_text reference U1 (at 5.46 -0.075 180) (layer F.SilkS)
      (effects (font (size 1 1) (thickness 0.15)))
    )
    (fp_text value msc313e (at 0 5.375 90) (layer F.Fab)
      (effects (font (size 1 1) (thickness 0.15)))
    )
